17137
15479271
12191
97057
17078
15659508
12221
97321
17031
15870247
12273
97092
17134
16096933
12345
96695
17118
16314067
12265
97082
17060
16176179
12233
103133
17314
16318400
12245
98200
17124
15944279
12224
63285
17061
15996770
12229
102807
17131
15986580
12272
97198
17148
15519331
12124
92599
17368
15618937
12235
102755
17322
15035233
12222
62680
17186
15663711
12268
97185
17059
16257088
12243
62834
17094
15664644
12225
97130
17099
15615178
12246
97176
17357
15520359
12349
92592
17128
15363804
12167
96974
17091
13885225
12233
97331
17129
16162553
12214
96990
17032
15697402
12194
96907
17114
16078061
12125
96815
17151
16440693
12193
96972
17006
16343354
12206
97193
17351
15890562
12173
96930
17278
15412933
12149
62518
17042
16055112
12187
102904
17355
15952905
12211
62611
17099
15841959
12227
97089
17064
16099677
12230
96917
17111
16397413
12260
96871
17064
16379029
12266
96964
17030
16423154
12251
97066
17118
15887288
12193
97216
17046
15839637
12274
62632
17035
14888443
12222
97053
17305
15991949
12311
98150
17128
16299111
12290
97186
17045
15056798
12214
97095
17229
15641507
12286
97082
17291
15895020
12261
97001
17072
15851028
12300
62384
17102
15754708
12209
96984
17389
15991993
12378
63127
17072
16341174
12270
97542
17121
16581249
12255
62340
17131
16084893
12164
97051
17088
16177049
12229
98529
17266
16293706
12243
97312
17096
16111016
12249
96945
17127
16392963
12286
97058
17239
16463375
12231
97900
17038
16049622
12148
97009
17081
16032330
12181
97376
17057
16364966
12268
97738
17028
16195661
12160
97171
17122
15740913
12279
97166
17333
16265605
12214
97038
17070
16398624
12213
96470
17071
15631869
12255
102645
17181
16371468
12153
97305
17057
16032481
12157
98414
17403
15340256
12263
97043
17071
15563784
12281
98244
17055
15119412
12203
98741
17050
16354393
12245
97013
17135
16217695
12204
97049
17078
16127924
12273
97093
17101
15186691
12258
97165
17304
15785860
12149
93749
17133
16159768
12227
97134
17247
15457516
12180
98372
17114
15061277
12182
62368
17059
15865665
12274
97411
17263
16271917
12181
96994
17125
16356107
12246
93795
17285
15833656
12296
96879
17069
16169069
12184
97102
17083
15545302
12150
97049
17021
16041637
12294
98212
17057
15902089
12187
62864
17012
15492657
12217
97179
17079
15973943
12216
97221
17169
15871680
12290
97209
17023
16053221
12213
98062
17083
15725553
12184
97099
17141
16074057
12278
97754
17055
15508525
12238
98504
17058
15984004
12265
92667
17100
16137149
12181
93044
17120
15706307
12264
96335
17144
16158825
12232
98729
17149
16383664
12277
96928
17032
16470408
12217
63113
17033
16342245
12239
97146
17077
16100713
12212
62414
17104
16299952
12264
97187
17057
16007474
12124
97086
17269
15743090
12197
98297
Startime: 2018-08-20 00:29:40
---- Round 0
---- Round 1
---- Round 2
---- Round 3
---- Round 4
---- Round 5
---- Round 6
---- Round 7
---- Round 8
---- Round 9
---- Round 10
---- Round 11
---- Round 12
---- Round 13
---- Round 14
---- Round 15
---- Round 16
---- Round 17
---- Round 18
---- Round 19
---- Round 20
---- Round 21
---- Round 22
---- Round 23
---- Round 24
---- Round 25
---- Round 26
---- Round 27
---- Round 28
---- Round 29
---- Round 30
---- Round 31
---- Round 32
---- Round 33
---- Round 34
---- Round 35
---- Round 36
---- Round 37
---- Round 38
---- Round 39
---- Round 40
---- Round 41
---- Round 42
---- Round 43
---- Round 44
---- Round 45
---- Round 46
---- Round 47
---- Round 48
---- Round 49
---- Round 50
---- Round 51
---- Round 52
---- Round 53
---- Round 54
---- Round 55
---- Round 56
---- Round 57
---- Round 58
---- Round 59
---- Round 60
---- Round 61
---- Round 62
---- Round 63
---- Round 64
---- Round 65
---- Round 66
---- Round 67
---- Round 68
---- Round 69
---- Round 70
---- Round 71
---- Round 72
---- Round 73
---- Round 74
---- Round 75
---- Round 76
---- Round 77
---- Round 78
---- Round 79
---- Round 80
---- Round 81
---- Round 82
---- Round 83
---- Round 84
---- Round 85
---- Round 86
---- Round 87
---- Round 88
---- Round 89
---- Round 90
---- Round 91
---- Round 92
---- Round 93
---- Round 94
---- Round 95
---- Round 96
---- Round 97
---- Round 98
---- Round 99
Endtime: 2018-08-20 04:54:29
