42546
16264358
12360
94053
42712
15995428
12175
95541
42422
15971283
32454
100049
41940
12136768
34094
95727
42530
16606316
12369
95641
43826
16277627
33063
99720
41766
16335566
32722
147652
42159
13160829
12178
181377
35350
16434802
32334
106116
35472
15087923
12640
133873
42189
16656010
12344
95353
42162
16447020
32522
93928
42321
16463346
12124
139939
41709
16750971
12256
135524
46700
15283228
32593
99264
41684
11930865
36019
138095
41776
16485917
32573
151877
42023
16263156
32432
94044
41847
11980750
12304
137579
42087
16516907
32286
95268
42000
16456082
12345
94129
17663
16439706
12248
146628
41956
16179746
31919
95104
42294
16501234
12261
101779
42008
11944849
12311
103265
12539
14320442
12311
95640
44483
15846324
12356
63150
41554
16535528
12397
93634
43516
16262389
12695
162262
42059
16557144
32446
96019
44836
16442423
12246
147533
41893
15781268
32075
132632
43093
11964009
32356
136579
41953
12014651
32251
147927
35488
15418566
33173
146343
41911
16085690
32211
99266
42410
16381545
12201
150211
44306
16210400
32318
139075
42360
16322749
12439
149409
41963
11952539
32700
95894
42495
16842709
12304
94168
42085
16474949
32564
93762
43165
16483896
12338
181366
41841
16049069
31975
138868
42136
16672110
32494
93911
42127
12973237
12245
93742
43226
15316603
32378
94095
41924
15972640
12421
99850
12926
16063980
12744
104505
41121
16134637
32490
95745
12782
16384820
12719
95867
13143
16348126
12161
93856
42060
16105372
12296
137674
41859
16059287
12266
154948
41986
16525500
32924
139415
42289
16094769
32336
151792
44109
16156861
12210
136344
41417
16479588
32122
96300
35249
14271366
32787
93862
12521
15670207
12200
158673
17911
16279411
12337
103697
41625
16422730
12215
103582
13216
16282525
12403
96000
41710
16213038
32542
94157
41999
12948872
32571
95838
41798
16514675
32360
95107
41609
16250048
32422
94009
42554
16430611
12267
94150
42170
16092175
12356
94665
42558
16258536
32281
148647
41894
14761217
12208
95292
12851
14925632
12294
94434
41825
16391566
12412
160953
42252
11997956
32120
93778
35440
16396711
32892
135450
42037
16255261
12275
98062
43391
16358029
12280
136872
41890
16342388
32499
94018
42489
16655367
12336
158462
42219
15894318
32276
148184
41897
12079598
12272
94308
42563
12099818
32529
94035
40891
16331766
12403
139329
35355
16273723
32431
93908
42565
16365509
32574
147047
41871
16084701
12336
93912
41993
12101314
12116
96721
35272
14507187
12219
160358
42039
16190002
32477
99056
42587
16575800
12303
94805
41661
16577847
12334
140604
12623
15983159
12367
97222
42053
12304369
12381
138043
41666
16590162
32606
151363
41173
15971477
32628
93870
42358
16371371
12231
94333
42199
16216139
32500
136038
35393
16349277
12552
136229
42454
16233893
12426
93879
35616
12167739
12234
136370
Startime: 2018-08-14 21:21:47
---- Round 0
---- Round 1
---- Round 2
---- Round 3
---- Round 4
---- Round 5
---- Round 6
---- Round 7
---- Round 8
---- Round 9
---- Round 10
---- Round 11
---- Round 12
---- Round 13
---- Round 14
---- Round 15
---- Round 16
---- Round 17
---- Round 18
---- Round 19
---- Round 20
---- Round 21
---- Round 22
---- Round 23
---- Round 24
---- Round 25
---- Round 26
---- Round 27
---- Round 28
---- Round 29
---- Round 30
---- Round 31
---- Round 32
---- Round 33
---- Round 34
---- Round 35
---- Round 36
---- Round 37
---- Round 38
---- Round 39
---- Round 40
---- Round 41
---- Round 42
---- Round 43
---- Round 44
---- Round 45
---- Round 46
---- Round 47
---- Round 48
---- Round 49
---- Round 50
---- Round 51
---- Round 52
---- Round 53
---- Round 54
---- Round 55
---- Round 56
---- Round 57
---- Round 58
---- Round 59
---- Round 60
---- Round 61
---- Round 62
---- Round 63
---- Round 64
---- Round 65
---- Round 66
---- Round 67
---- Round 68
---- Round 69
---- Round 70
---- Round 71
---- Round 72
---- Round 73
---- Round 74
---- Round 75
---- Round 76
---- Round 77
---- Round 78
---- Round 79
---- Round 80
---- Round 81
---- Round 82
---- Round 83
---- Round 84
---- Round 85
---- Round 86
---- Round 87
---- Round 88
---- Round 89
---- Round 90
---- Round 91
---- Round 92
---- Round 93
---- Round 94
---- Round 95
---- Round 96
---- Round 97
---- Round 98
---- Round 99
Endtime: 2018-08-15 01:42:38
