12609
16215432
12312
138009
35471
16610150
32749
94516
42030
16426564
32670
95628
17315
16370403
12360
93688
42734
16327107
12684
94028
42713
16234026
32289
146419
42681
16447256
12626
93634
12870
14589653
12184
99533
42529
16298519
12286
93906
42453
16431402
32288
138928
41987
15755555
12130
147519
43055
16265998
12189
148471
42564
14953910
12148
139581
34683
16515818
32532
168105
43296
15999464
12410
146563
42197
13582025
32778
99748
41375
16691439
32241
133065
42451
15970722
12214
137101
42497
14411173
32181
152763
42113
14284574
32695
93693
42017
16583374
12436
151560
42257
16493879
32590
94367
41917
12296971
32278
155955
42315
16501740
36150
147211
42878
16291588
32407
93852
42558
16610741
32359
136480
42342
14422542
12224
93914
41623
16661068
34614
160898
42066
16738746
12247
93305
41706
16242829
12162
93709
41976
15588539
12283
95608
35385
16775675
32880
146985
42830
16120107
12229
136389
41996
11997177
32186
93634
41840
16499762
36216
138035
35374
16296577
32535
93594
42178
16340500
12300
136169
12825
16448617
12151
146384
42198
14193190
32406
93851
43240
16512618
12104
151089
45354
11897943
32606
146714
41929
16462318
12261
149023
17319
16334392
38968
164328
12612
16526518
12305
95752
35430
16580424
12643
100703
41869
15960905
12189
99928
12860
16118438
32686
96270
35243
16242218
32347
94341
43400
16326613
32220
137030
42255
16337194
12285
147582
42211
16826218
32028
101284
41650
16370390
32410
150417
35504
16337690
32178
93615
42246
11986060
12371
93641
42287
15953206
32464
95634
42532
16502986
12253
93758
42862
16313908
32165
94618
42084
12132967
32643
96758
42354
16386671
12657
137058
41908
16312917
12295
147879
43885
15858521
32099
137899
42200
16330434
32440
149562
12558
16156128
32194
134664
35598
16327143
32237
101640
42090
14711108
12546
137868
35480
16388087
32498
137183
42336
16515416
32774
100864
43286
16294035
12273
146687
41607
16177692
37398
95900
41948
13643804
12268
135828
35541
15943110
12765
149649
41598
16369555
12613
137349
42149
16294029
32415
95345
42240
16548967
32438
94748
41931
14601271
33333
146761
34319
16269231
12236
148063
41848
16347348
12748
135222
41915
15905566
32675
138494
12808
16519552
12245
137739
42495
11885445
32200
132912
41756
16559008
32296
148401
41871
16427928
12239
94975
35610
16216027
12286
93892
41966
16257035
32754
95389
41778
16107178
32643
93856
42092
16508767
32799
149445
42172
16383799
32506
95960
41977
16356289
12198
93695
41876
16508395
12369
148792
42204
14408999
32558
93582
17651
16017221
35230
162002
42635
16565047
12460
93632
41646
16096819
12236
93972
42507
16170224
12767
146945
44873
16430374
12150
136687
42481
16499301
32831
93853
41868
16392685
32417
100419
42927
16346750
32430
93726
41937
16246250
34256
139000
42353
16652059
12750
136035
Startime: 2018-08-16 12:16:13
---- Round 0
---- Round 1
---- Round 2
---- Round 3
---- Round 4
---- Round 5
---- Round 6
---- Round 7
---- Round 8
---- Round 9
---- Round 10
---- Round 11
---- Round 12
---- Round 13
---- Round 14
---- Round 15
---- Round 16
---- Round 17
---- Round 18
---- Round 19
---- Round 20
---- Round 21
---- Round 22
---- Round 23
---- Round 24
---- Round 25
---- Round 26
---- Round 27
---- Round 28
---- Round 29
---- Round 30
---- Round 31
---- Round 32
---- Round 33
---- Round 34
---- Round 35
---- Round 36
---- Round 37
---- Round 38
---- Round 39
---- Round 40
---- Round 41
---- Round 42
---- Round 43
---- Round 44
---- Round 45
---- Round 46
---- Round 47
---- Round 48
---- Round 49
---- Round 50
---- Round 51
---- Round 52
---- Round 53
---- Round 54
---- Round 55
---- Round 56
---- Round 57
---- Round 58
---- Round 59
---- Round 60
---- Round 61
---- Round 62
---- Round 63
---- Round 64
---- Round 65
---- Round 66
---- Round 67
---- Round 68
---- Round 69
---- Round 70
---- Round 71
---- Round 72
---- Round 73
---- Round 74
---- Round 75
---- Round 76
---- Round 77
---- Round 78
---- Round 79
---- Round 80
---- Round 81
---- Round 82
---- Round 83
---- Round 84
---- Round 85
---- Round 86
---- Round 87
---- Round 88
---- Round 89
---- Round 90
---- Round 91
---- Round 92
---- Round 93
---- Round 94
---- Round 95
---- Round 96
---- Round 97
---- Round 98
---- Round 99
Endtime: 2018-08-16 16:45:50
