17300
16048916
12300
97211
17094
15999520
12220
97442
17215
16438320
12286
62990
17068
16033746
12201
97159
17259
16408810
12150
102786
17082
16304311
12283
97018
17086
16407467
12322
97166
17134
16302028
12176
97130
17094
16267304
12188
98533
17139
16027368
12137
96918
17167
15799298
12147
96991
17267
15984489
12241
97405
17287
15531159
12215
98464
17119
15767923
12187
97055
17034
15412763
12279
97020
17071
14630864
12206
96946
17054
15562265
12228
96912
17032
15724405
12263
98156
17081
15669090
12213
97130
17045
16349564
12187
96702
17077
15586438
12232
97217
17278
16167594
12177
97050
17055
16445545
12207
100446
17077
16530913
12171
63044
17321
16005434
12243
92558
17437
16348961
12211
98757
17209
16364867
12260
96863
17077
16359547
12247
97019
17096
16385184
12197
98339
17050
16276808
12327
98455
17079
15806864
12173
97134
17171
16424210
12324
97099
17375
16371813
12208
97159
17113
15363865
12232
98263
17162
14924229
12272
96959
17105
15391384
12282
97040
17024
14799315
12267
63323
17086
15935071
12237
97149
17117
15596454
12251
96897
17125
14950452
12298
97361
17070
16299005
12365
97323
17098
16415614
12300
96788
17093
16337472
12178
97369
17134
16464939
12505
62704
17273
16047003
12229
97298
17159
15329969
12211
97094
17267
15847685
12180
97001
17266
15610472
12190
97191
17106
14522000
12124
98197
17098
13803401
12165
97286
17119
16065899
12211
92904
17298
15846950
12307
62409
17127
16033517
12205
62909
17254
15820333
12284
97291
17047
16391659
12234
96857
17052
16357962
12168
96948
17099
15963865
12300
62893
17055
16470317
12256
96947
17132
16345097
12204
97271
17266
16419373
12269
102835
17124
16322953
12201
97038
17357
16333730
12260
96302
17373
16127069
12207
97127
17080
15243783
12324
96875
17082
16203630
12263
97285
17098
16067224
12234
99140
17066
16233315
12256
62605
17195
15283273
12213
96747
17153
16426326
12197
97201
17294
14926301
12293
96984
17090
16263038
12211
96965
17083
16082001
12265
97381
17058
16333465
12286
96919
17256
16279104
12221
97171
17262
16194160
12219
97196
17119
16331210
12364
96612
17257
14605204
12175
98673
17117
16140930
12307
96832
17167
14946321
12223
97356
17092
15471808
12229
97418
17057
15656621
12219
98070
17321
15894716
12214
97190
17158
16200020
12241
97943
17128
16319576
12189
97079
17020
16465848
12246
62592
17063
16130959
12264
96869
17290
16525275
12196
98033
17073
16467791
12258
102745
17096
16299954
12253
97060
17249
16278932
12175
97996
17277
15808275
12187
97541
17094
16020452
12137
97183
17050
14187887
12169
92430
17163
16152648
12265
93042
17122
16059558
12226
96971
17300
15109830
12234
96926
17120
15620203
12329
101316
17075
16384051
12259
62616
17085
16283314
12225
63154
17216
16343561
12151
104388
Startime: 2018-08-19 19:37:29
---- Round 0
---- Round 1
---- Round 2
---- Round 3
---- Round 4
---- Round 5
---- Round 6
---- Round 7
---- Round 8
---- Round 9
---- Round 10
---- Round 11
---- Round 12
---- Round 13
---- Round 14
---- Round 15
---- Round 16
---- Round 17
---- Round 18
---- Round 19
---- Round 20
---- Round 21
---- Round 22
---- Round 23
---- Round 24
---- Round 25
---- Round 26
---- Round 27
---- Round 28
---- Round 29
---- Round 30
---- Round 31
---- Round 32
---- Round 33
---- Round 34
---- Round 35
---- Round 36
---- Round 37
---- Round 38
---- Round 39
---- Round 40
---- Round 41
---- Round 42
---- Round 43
---- Round 44
---- Round 45
---- Round 46
---- Round 47
---- Round 48
---- Round 49
---- Round 50
---- Round 51
---- Round 52
---- Round 53
---- Round 54
---- Round 55
---- Round 56
---- Round 57
---- Round 58
---- Round 59
---- Round 60
---- Round 61
---- Round 62
---- Round 63
---- Round 64
---- Round 65
---- Round 66
---- Round 67
---- Round 68
---- Round 69
---- Round 70
---- Round 71
---- Round 72
---- Round 73
---- Round 74
---- Round 75
---- Round 76
---- Round 77
---- Round 78
---- Round 79
---- Round 80
---- Round 81
---- Round 82
---- Round 83
---- Round 84
---- Round 85
---- Round 86
---- Round 87
---- Round 88
---- Round 89
---- Round 90
---- Round 91
---- Round 92
---- Round 93
---- Round 94
---- Round 95
---- Round 96
---- Round 97
---- Round 98
---- Round 99
Endtime: 2018-08-20 00:06:47
