17129
16002064
12204
98464
17098
15938980
12204
96564
17094
16357573
12288
97245
17096
16362468
12252
63020
17076
15950875
12255
62769
17145
15922097
12208
97101
17316
14249382
12266
62903
17090
15373822
12324
97133
17357
14460867
12256
97480
17093
13925713
12275
92547
17067
16339098
12249
97422
17060
16331832
12147
97072
17052
14679870
12254
97465
17269
15965454
12282
96997
17121
15861587
12210
98568
17118
16032372
12285
98514
17144
16326998
12254
63133
17066
15993201
12164
97388
17191
16084622
12226
97486
17332
16317205
12272
97278
17146
16247843
12194
97059
17108
15456682
12171
97022
17072
14193089
12190
97120
17336
15633672
12210
102904
17047
16488033
12238
98319
17159
16400600
12331
97254
17135
15511853
12167
63027
17121
15388432
12201
98339
17067
16104142
12215
97144
17083
16109366
12260
62870
17090
16154031
12142
97526
17124
16454149
12351
97505
17300
16095408
12182
97112
17050
14602605
12202
98408
17255
15103575
12207
96985
17059
15747008
12295
97329
17385
15680530
12235
97292
17102
16263301
12244
97132
17154
16298612
12240
97031
17190
16399013
12230
98470
17126
16533757
12233
97138
17130
16443135
12207
97712
17096
16051815
12196
98488
17140
15869446
12169
97016
17088
14921312
12240
97041
17167
16340090
12202
97445
17320
16243095
12250
97392
17101
16363670
12198
97146
17089
14724966
12258
96730
17159
15148107
12221
97039
17131
15505289
12208
97368
17151
15883652
12259
98423
17145
15867322
12268
97266
17208
16319476
12246
97066
17137
16311986
12268
97044
17086
16257013
12275
98190
17124
16260186
12194
97698
17101
14934846
12271
97700
17185
15388070
12141
97890
17307
14334761
12179
98268
17342
16125519
12229
97220
17160
16296072
12207
96991
17140
14798395
12216
96535
17178
15658042
12276
97124
17085
15796194
12215
98701
17129
15655663
12226
97729
17145
16261445
12204
97428
17056
15500263
12309
97176
17099
15504851
12230
97185
17317
15963069
12327
102874
17083
16419313
12164
97458
17088
16432313
12199
62607
17133
16185263
12255
97293
17315
15273413
12287
97865
17129
15252772
12255
97036
17222
14686602
12224
92782
17087
15931082
12170
62726
17066
15783082
12218
97230
17346
16440693
12188
97433
17298
16168156
12239
96839
17079
16283886
12272
97326
17292
16385661
12297
96984
17281
16246673
12267
98470
17305
15459654
12158
97212
17019
15157050
12195
63036
17102
15761841
12222
97122
17279
16303077
12234
98334
17089
14525423
12188
97038
17078
16122372
12213
97416
17339
16257261
12308
97104
17080
16349797
12235
97319
17408
15894109
12256
98066
17083
14538563
12210
98330
17284
16087089
12245
92600
17121
15044861
12312
98841
17090
15774091
12239
92850
17304
15881937
12149
97188
17122
15292619
12187
97772
17094
15964306
12246
97285
17099
15624439
12297
97287
Startime: 2018-08-21 00:54:21
---- Round 0
---- Round 1
---- Round 2
---- Round 3
---- Round 4
---- Round 5
---- Round 6
---- Round 7
---- Round 8
---- Round 9
---- Round 10
---- Round 11
---- Round 12
---- Round 13
---- Round 14
---- Round 15
---- Round 16
---- Round 17
---- Round 18
---- Round 19
---- Round 20
---- Round 21
---- Round 22
---- Round 23
---- Round 24
---- Round 25
---- Round 26
---- Round 27
---- Round 28
---- Round 29
---- Round 30
---- Round 31
---- Round 32
---- Round 33
---- Round 34
---- Round 35
---- Round 36
---- Round 37
---- Round 38
---- Round 39
---- Round 40
---- Round 41
---- Round 42
---- Round 43
---- Round 44
---- Round 45
---- Round 46
---- Round 47
---- Round 48
---- Round 49
---- Round 50
---- Round 51
---- Round 52
---- Round 53
---- Round 54
---- Round 55
---- Round 56
---- Round 57
---- Round 58
---- Round 59
---- Round 60
---- Round 61
---- Round 62
---- Round 63
---- Round 64
---- Round 65
---- Round 66
---- Round 67
---- Round 68
---- Round 69
---- Round 70
---- Round 71
---- Round 72
---- Round 73
---- Round 74
---- Round 75
---- Round 76
---- Round 77
---- Round 78
---- Round 79
---- Round 80
---- Round 81
---- Round 82
---- Round 83
---- Round 84
---- Round 85
---- Round 86
---- Round 87
---- Round 88
---- Round 89
---- Round 90
---- Round 91
---- Round 92
---- Round 93
---- Round 94
---- Round 95
---- Round 96
---- Round 97
---- Round 98
---- Round 99
Endtime: 2018-08-21 05:23:14
