17293
16042939
12245
96738
17112
16069873
12200
96979
17079
15567625
12229
97148
17005
16361496
12242
97368
17313
15966194
12219
97258
17022
16031167
12224
97100
17117
16101555
12239
97452
17294
15933224
12171
96916
17263
16074256
12281
62850
17049
15834361
12235
96920
17088
15963913
12284
96863
17078
16175651
12308
97191
17090
15544913
12246
97018
17245
15719212
12301
97335
17177
14365390
12238
97908
17070
15229445
12278
62657
17003
15847122
12275
98312
17039
15820843
12329
63173
17291
16325424
12230
97315
17295
15901652
12252
98633
17247
15031719
12283
97452
17075
15932401
12178
62650
17112
16131938
12218
97160
17127
16443517
12340
62732
17008
16456119
12155
62555
17101
16209357
12211
97091
17253
16372624
12232
96913
17217
15941703
12222
62383
17125
14198050
12219
97502
17071
15921717
12202
97085
17217
13890795
12180
96697
17125
15001175
12261
97546
17109
16314410
12149
97166
17107
16299178
12285
102742
17063
16375649
12225
97157
17268
16039033
12232
63206
17281
15841203
12189
96703
17120
15752995
12302
97150
17245
15340852
12258
98219
17050
16108810
12179
62654
17157
16064844
12190
96932
17235
15261859
12185
97112
17164
16399325
12265
97229
17114
15961938
12266
96882
17158
16090540
12254
96818
17128
16038355
12163
97133
17076
16349403
12187
96274
17265
16425814
12365
93653
17096
16124230
12228
96894
17034
16080970
12147
97093
17126
15743391
12254
96776
17065
15883464
12263
97024
17048
16435698
12214
97124
17101
16451793
12192
62869
17172
16339818
12246
97027
17233
15943681
12204
96843
17041
15876544
12193
97383
17219
16097314
12225
97381
17088
16243240
12269
97205
17081
16163617
12099
97142
17029
16204205
12153
92576
17129
15885275
12189
97184
17045
15433852
12167
97758
17108
16366915
12298
97024
17075
16341578
12188
96858
17073
16275847
12234
97472
17428
16292842
12247
97440
17154
16066375
12272
96897
17249
14299554
12257
97166
17107
16035221
12284
97048
17039
16116127
12346
97300
17080
16481130
12223
96858
17109
15798684
12151
92503
17071
15783137
12193
98118
17059
14552383
12276
98585
17253
15765065
12281
97300
17357
15525584
12238
97085
17114
15318294
12275
97084
17101
15169796
12214
63004
17066
15913034
12204
97909
17124
15260575
12308
97342
17056
15566487
12170
97573
17136
15896157
12175
98603
17259
16382027
12234
62592
17263
15741549
12216
62385
17060
14468737
12301
62610
17095
16164942
12220
62406
17146
16362745
12198
97122
17040
16329659
12150
96828
17105
15930062
12186
97076
17351
15710708
12232
98538
17189
15805013
12224
96736
17122
15059609
12248
97133
17014
16124873
12191
96989
17090
16200288
12250
63077
17062
15348764
12244
97187
17056
15766425
12146
96870
17268
15747117
12136
96780
17291
14989037
12189
97106
17129
16177666
12193
97124
Startime: 2018-08-20 20:19:06
---- Round 0
---- Round 1
---- Round 2
---- Round 3
---- Round 4
---- Round 5
---- Round 6
---- Round 7
---- Round 8
---- Round 9
---- Round 10
---- Round 11
---- Round 12
---- Round 13
---- Round 14
---- Round 15
---- Round 16
---- Round 17
---- Round 18
---- Round 19
---- Round 20
---- Round 21
---- Round 22
---- Round 23
---- Round 24
---- Round 25
---- Round 26
---- Round 27
---- Round 28
---- Round 29
---- Round 30
---- Round 31
---- Round 32
---- Round 33
---- Round 34
---- Round 35
---- Round 36
---- Round 37
---- Round 38
---- Round 39
---- Round 40
---- Round 41
---- Round 42
---- Round 43
---- Round 44
---- Round 45
---- Round 46
---- Round 47
---- Round 48
---- Round 49
---- Round 50
---- Round 51
---- Round 52
---- Round 53
---- Round 54
---- Round 55
---- Round 56
---- Round 57
---- Round 58
---- Round 59
---- Round 60
---- Round 61
---- Round 62
---- Round 63
---- Round 64
---- Round 65
---- Round 66
---- Round 67
---- Round 68
---- Round 69
---- Round 70
---- Round 71
---- Round 72
---- Round 73
---- Round 74
---- Round 75
---- Round 76
---- Round 77
---- Round 78
---- Round 79
---- Round 80
---- Round 81
---- Round 82
---- Round 83
---- Round 84
---- Round 85
---- Round 86
---- Round 87
---- Round 88
---- Round 89
---- Round 90
---- Round 91
---- Round 92
---- Round 93
---- Round 94
---- Round 95
---- Round 96
---- Round 97
---- Round 98
---- Round 99
Endtime: 2018-08-21 00:48:55
