12580
15910718
12129
136194
42138
12057293
12331
94034
42342
16236040
12337
158316
42065
16102735
12450
152310
42594
16067548
12214
137298
35473
16454367
32202
97872
36085
16510634
32301
93772
41645
11866361
32383
133873
12537
16646855
32602
97770
41865
16324582
32574
148064
41626
12275702
32222
95838
42077
11890990
12336
97806
41962
16297499
12169
93802
42469
16505824
12360
137436
42070
16819208
32744
94213
42687
16383717
32347
93889
41827
16909797
12153
95307
44503
16552655
12304
139882
41720
16683331
12208
97109
42267
16507733
12166
136020
41881
16430773
33294
94405
42641
16440605
12402
93991
42079
12245098
32448
147233
41976
12012751
12172
94566
42010
16729220
12249
96174
41572
16327638
12556
97561
35285
14678456
12211
137508
42032
16490496
12299
95821
41488
15671223
12347
108132
41902
11940164
32912
138106
35363
16482112
33254
137739
13252
16517588
32202
138190
42548
16015512
32616
138474
41799
16319734
39039
136368
12931
16171403
12249
149118
42348
16310886
35247
99169
42529
16461809
32687
93825
42021
16307453
12428
93809
35375
12111615
32368
94396
41808
12600438
32147
146796
41912
16444636
32466
95946
42168
16223880
32304
93874
35384
12493099
32038
148776
41991
15311584
32258
94520
42032
16326451
34623
98228
35338
16275956
32629
137331
36125
12357681
32701
101214
35402
15921651
34391
96101
42117
16466938
12197
137838
12847
16290117
12115
93844
41921
16513086
12247
148951
41672
16127877
32090
102060
41862
16297689
33286
95523
42056
16283004
12356
146681
36033
16353886
32074
107078
42358
16327277
32632
161354
41787
16212573
12200
167948
42088
15269577
12569
93909
41738
16391482
38682
132986
42328
16028044
12611
94176
42197
16268473
12316
95137
42011
16270591
12214
138779
42607
16564146
12223
93847
41694
16173291
12233
96036
42051
15848494
12171
149080
41935
16565577
12205
136811
42320
16612511
32562
94108
42040
16696295
32409
136770
42264
15966087
12332
149078
34278
16405594
12691
133030
42327
16383069
32477
168922
47672
16377671
12210
97206
42183
16483619
32635
140387
42244
16313901
32551
94243
41622
16864842
32154
162280
44406
16627497
32105
148840
41733
16240818
12154
95963
41605
16263865
12448
97901
42398
16231183
12444
145876
41845
15845303
32592
146082
41902
16617676
12482
93706
42262
16248810
12227
135594
42682
15010218
12137
148301
41983
12165808
32422
95621
42977
16662906
12232
149350
41784
16540861
32323
148880
42270
16046293
12404
145503
41935
16437828
12344
138981
42358
11962750
12674
94307
42507
16342809
32624
149263
41880
16420624
32393
98041
12881
16493973
35411
153025
42656
16610081
32324
93900
35150
16379957
12271
146295
42208
16382492
12675
134021
35563
16590204
12342
95142
42321
15580652
12342
101630
17724
16115706
12180
149075
42428
16656970
32509
94135
42229
16509697
32551
93976
Startime: 2018-08-17 16:05:25
---- Round 0
---- Round 1
---- Round 2
---- Round 3
---- Round 4
---- Round 5
---- Round 6
---- Round 7
---- Round 8
---- Round 9
---- Round 10
---- Round 11
---- Round 12
---- Round 13
---- Round 14
---- Round 15
---- Round 16
---- Round 17
---- Round 18
---- Round 19
---- Round 20
---- Round 21
---- Round 22
---- Round 23
---- Round 24
---- Round 25
---- Round 26
---- Round 27
---- Round 28
---- Round 29
---- Round 30
---- Round 31
---- Round 32
---- Round 33
---- Round 34
---- Round 35
---- Round 36
---- Round 37
---- Round 38
---- Round 39
---- Round 40
---- Round 41
---- Round 42
---- Round 43
---- Round 44
---- Round 45
---- Round 46
---- Round 47
---- Round 48
---- Round 49
---- Round 50
---- Round 51
---- Round 52
---- Round 53
---- Round 54
---- Round 55
---- Round 56
---- Round 57
---- Round 58
---- Round 59
---- Round 60
---- Round 61
---- Round 62
---- Round 63
---- Round 64
---- Round 65
---- Round 66
---- Round 67
---- Round 68
---- Round 69
---- Round 70
---- Round 71
---- Round 72
---- Round 73
---- Round 74
---- Round 75
---- Round 76
---- Round 77
---- Round 78
---- Round 79
---- Round 80
---- Round 81
---- Round 82
---- Round 83
---- Round 84
---- Round 85
---- Round 86
---- Round 87
---- Round 88
---- Round 89
---- Round 90
---- Round 91
---- Round 92
---- Round 93
---- Round 94
---- Round 95
---- Round 96
---- Round 97
---- Round 98
---- Round 99
Endtime: 2018-08-17 20:34:56
