42378
16492297
32700
99495
41938
15429706
32512
137315
42333
16742659
12209
138794
42283
16316888
12222
95498
42433
16295237
12188
96022
41972
16783161
12637
136779
42155
16721082
32618
99266
42054
15896313
12622
62625
42231
16285635
32592
96747
34770
15986711
12228
146221
42017
11927754
12387
138514
42591
14666190
12221
98036
44585
16497948
32320
93829
42157
16472109
32555
149650
41811
11864775
12162
93638
42044
16452454
12343
95022
42522
16256161
12196
94186
44255
16726200
12280
140539
41997
16794155
12447
93363
35687
16319524
12332
93647
42350
16330215
12395
95999
17159
16472117
12390
149907
42475
11987253
32301
136432
41893
15985525
32810
95481
41799
16255361
12292
136298
35394
16056879
32588
99878
42142
16243627
32085
94381
12836
16241873
12607
147658
42225
14806717
32128
149179
42280
16439108
12394
95477
42265
15567504
12668
99575
42207
16556702
12309
96220
42360
16055957
32557
94123
42322
16320340
12387
93875
12815
16501812
36116
95981
41808
16382459
32699
93856
41872
16382180
12743
150424
41898
16583103
12513
147585
42089
15280183
12271
93594
41736
16388579
12421
95565
42303
16606823
12304
141087
41803
16047528
32741
96953
41967
16233779
12109
97083
41934
14929348
12266
99804
42584
15484124
32495
96664
41896
16342336
12159
95757
41643
16460367
12312
135455
35525
16330828
12638
94053
35070
16360117
12356
93722
42919
16458037
12160
96802
42760
15629285
35259
134067
35474
15371827
32625
105077
42155
16392780
12257
95574
41759
16225549
12190
147637
41933
15874356
12325
136538
42780
16308189
32268
103490
42871
16312003
12119
138141
41996
12037858
32684
96770
42305
15520817
12370
100122
42307
16110472
32496
94007
42248
16209182
12257
95929
42095
16171699
32829
147863
42331
16148810
12177
96791
41930
16039348
32271
93972
41688
16743835
32262
133353
41438
16615698
12366
99430
35163
16451258
33587
159386
42088
15944583
12746
95305
35436
16431036
32450
97037
41776
16095504
12173
93688
42251
16573850
12154
94198
41803
16000601
12241
95570
41611
16530779
12382
94153
42198
16494551
12396
94001
41930
16289064
12246
149676
41911
16083254
12587
136364
42020
16410978
12260
94047
41778
16282586
12316
139795
35559
16279909
12202
95409
42332
16268560
12174
97962
42162
15109951
32504
135856
41628
15873945
12169
102470
42036
16319015
34422
95438
41772
16076423
32077
93883
42268
16243702
12194
96326
41619
16719559
12347
148899
41610
15638183
12149
101446
42018
15378769
32348
94997
42110
16224787
32423
95824
42147
16480654
32314
133804
41934
16092999
32477
93930
46039
16463329
32498
149521
42405
13219848
12280
138575
42496
16742788
12423
138141
42065
15834481
33924
94255
35343
16197399
32177
95908
42357
16464319
12226
138971
42298
16034257
36721
94556
42089
13695957
12248
94738
42555
16344960
32269
93886
Startime: 2018-08-15 12:12:06
---- Round 0
---- Round 1
---- Round 2
---- Round 3
---- Round 4
---- Round 5
---- Round 6
---- Round 7
---- Round 8
---- Round 9
---- Round 10
---- Round 11
---- Round 12
---- Round 13
---- Round 14
---- Round 15
---- Round 16
---- Round 17
---- Round 18
---- Round 19
---- Round 20
---- Round 21
---- Round 22
---- Round 23
---- Round 24
---- Round 25
---- Round 26
---- Round 27
---- Round 28
---- Round 29
---- Round 30
---- Round 31
---- Round 32
---- Round 33
---- Round 34
---- Round 35
---- Round 36
---- Round 37
---- Round 38
---- Round 39
---- Round 40
---- Round 41
---- Round 42
---- Round 43
---- Round 44
---- Round 45
---- Round 46
---- Round 47
---- Round 48
---- Round 49
---- Round 50
---- Round 51
---- Round 52
---- Round 53
---- Round 54
---- Round 55
---- Round 56
---- Round 57
---- Round 58
---- Round 59
---- Round 60
---- Round 61
---- Round 62
---- Round 63
---- Round 64
---- Round 65
---- Round 66
---- Round 67
---- Round 68
---- Round 69
---- Round 70
---- Round 71
---- Round 72
---- Round 73
---- Round 74
---- Round 75
---- Round 76
---- Round 77
---- Round 78
---- Round 79
---- Round 80
---- Round 81
---- Round 82
---- Round 83
---- Round 84
---- Round 85
---- Round 86
---- Round 87
---- Round 88
---- Round 89
---- Round 90
---- Round 91
---- Round 92
---- Round 93
---- Round 94
---- Round 95
---- Round 96
---- Round 97
---- Round 98
---- Round 99
Endtime: 2018-08-15 16:40:40
