17067
16310613
12193
62615
17315
16398910
12227
103090
17114
16326147
12225
96859
17141
15573184
12196
92924
17297
16258545
12230
98142
17120
15281240
12161
97538
17052
15985608
12231
101616
17288
14785295
12159
92666
17135
15826051
12171
102884
17327
15464369
12166
97222
17272
16274786
12206
62635
17054
15940019
12297
97062
17240
15916040
12247
96352
17145
16415081
12203
96824
17249
16038619
12261
97084
17147
15727597
12155
98212
17091
15500880
12341
97171
17234
16014001
12266
92477
17226
16391578
12219
97308
17071
16504894
12342
97535
17061
16253509
12371
62410
17229
16453096
12183
97019
17312
16303857
12151
98305
17094
15931062
12206
96886
17095
15298949
12233
97705
17269
15318532
12241
98183
17212
15419360
12314
97170
17068
15835690
12301
97281
17179
15500580
12160
97107
17228
16061227
12195
62627
17052
15876926
12257
96975
17107
16017825
12218
96900
17300
16290567
12214
97875
17068
16430449
12251
97583
17109
16318422
12257
96998
17301
16097303
12286
97258
17122
16300717
12171
97038
17095
15664918
12156
97184
17242
15335159
12167
96755
17039
15846582
12211
97026
17072
14965104
12276
96470
17055
16015380
12235
97029
17362
16375956
12197
97007
17032
12714832
12301
97031
17255
15347323
12341
97275
17064
16401292
12169
97032
17200
16302616
12189
96903
17322
16412259
12222
97569
17295
16099226
12257
62595
17078
14438788
12298
96733
17057
16031765
12254
62481
17201
15483516
12167
97151
17056
16127466
12223
92595
17066
15716350
12255
97030
16966
16419055
12240
97135
17327
16415047
12249
97770
17252
16162661
12208
96995
17293
15985715
12272
62704
17080
15871779
12221
97027
17202
15698622
12206
97143
17085
15794490
12306
97633
17120
16272262
12308
97132
17074
15923809
12253
97008
17307
16033231
12234
97170
17061
15616777
12306
62558
17030
15886538
12287
97166
17292
15466533
12248
97127
17232
15884470
12205
97226
17090
16154015
12273
96914
17034
16090730
12239
102918
17083
16295529
12126
97841
17332
16331640
12230
96851
17085
16312589
12223
97017
17055
15713937
12228
96823
17060
16086765
12265
97222
17085
15460934
12284
92485
17314
14959172
12323
97185
17110
15718571
12303
96900
17014
15275465
12231
97227
17062
16137121
12284
62764
17086
15986752
12274
96971
17101
16047894
12263
97699
17273
16289674
12230
94160
17051
16375035
12141
98119
17302
16429502
12258
97145
17281
16347228
12174
96963
17301
16465154
12210
62803
17061
16596605
12217
62427
17072
16512617
12232
96940
17111
16110362
12288
97457
17321
16406160
12271
97065
17245
16208791
12110
97182
17111
16267062
12321
97118
17097
16268095
12187
97618
17078
16149741
12226
96623
17131
16167504
12263
96651
17073
16224168
12173
96985
17086
16338751
12208
62885
17280
16165427
12254
102878
17065
16135408
12209
97219
Startime: 2018-08-19 15:02:26
---- Round 0
---- Round 1
---- Round 2
---- Round 3
---- Round 4
---- Round 5
---- Round 6
---- Round 7
---- Round 8
---- Round 9
---- Round 10
---- Round 11
---- Round 12
---- Round 13
---- Round 14
---- Round 15
---- Round 16
---- Round 17
---- Round 18
---- Round 19
---- Round 20
---- Round 21
---- Round 22
---- Round 23
---- Round 24
---- Round 25
---- Round 26
---- Round 27
---- Round 28
---- Round 29
---- Round 30
---- Round 31
---- Round 32
---- Round 33
---- Round 34
---- Round 35
---- Round 36
---- Round 37
---- Round 38
---- Round 39
---- Round 40
---- Round 41
---- Round 42
---- Round 43
---- Round 44
---- Round 45
---- Round 46
---- Round 47
---- Round 48
---- Round 49
---- Round 50
---- Round 51
---- Round 52
---- Round 53
---- Round 54
---- Round 55
---- Round 56
---- Round 57
---- Round 58
---- Round 59
---- Round 60
---- Round 61
---- Round 62
---- Round 63
---- Round 64
---- Round 65
---- Round 66
---- Round 67
---- Round 68
---- Round 69
---- Round 70
---- Round 71
---- Round 72
---- Round 73
---- Round 74
---- Round 75
---- Round 76
---- Round 77
---- Round 78
---- Round 79
---- Round 80
---- Round 81
---- Round 82
---- Round 83
---- Round 84
---- Round 85
---- Round 86
---- Round 87
---- Round 88
---- Round 89
---- Round 90
---- Round 91
---- Round 92
---- Round 93
---- Round 94
---- Round 95
---- Round 96
---- Round 97
---- Round 98
---- Round 99
Endtime: 2018-08-19 19:32:06
