42582
16211839
32451
136205
42053
16297193
32186
95648
41845
16368406
32571
138458
41712
16268649
32386
132571
35466
16255886
12226
95928
35488
16773428
32486
96124
47723
16211733
32475
148165
42096
16427570
32690
95432
41931
12460564
12303
150563
35421
16670548
34395
136757
12782
16527060
32163
104248
41492
16432866
12278
148983
41949
14724102
12166
97568
12840
16216765
34290
93852
17600
16402152
32535
136117
42020
15459083
12267
101852
42371
16598722
12261
100935
42122
14481586
12184
95700
35401
12736999
12343
136697
41839
16189254
12338
95550
42190
16479659
32811
94143
43667
16227839
32216
94023
41879
16127649
12151
96541
42688
16627190
12593
95759
35350
16395224
12180
148937
42482
16163351
12238
134209
42052
11822179
32547
94617
41632
16484268
32271
150701
41980
16590408
12161
148544
36532
16334354
12223
95758
41618
16156935
12339
138380
41820
16191691
12153
146211
43954
16598742
12207
94038
12787
16131330
12119
146673
41850
16331226
32468
93905
42108
16398394
32455
149818
44208
16385540
32598
138912
45523
16171048
32561
139516
42062
16404835
37442
134850
42366
15660986
12212
149543
41756
11942921
32409
153507
43481
12114388
12312
137444
35808
15009021
12246
148630
42539
16209930
12697
162119
41977
16655042
12403
104064
41907
15263644
32501
93928
42094
12811745
32247
95681
41746
16595727
12188
134511
40607
16271177
32468
94034
41533
16672367
31862
94266
36310
16423373
32647
93657
12580
16197441
12239
93817
35251
16110374
12311
146972
42454
16145304
12160
101383
41482
16127425
12642
149947
35286
16649932
12166
153274
41819
15749001
12418
97213
42011
15224723
32637
151406
35437
16435732
33317
99618
41743
11909272
32464
95328
41917
16685199
12167
101137
42191
16475646
32616
94370
41728
16179390
12348
134090
42233
16407469
12389
150130
42720
16321732
12286
149681
17284
16514256
12668
94094
42667
16065296
12281
161486
41591
16301463
32351
95881
41904
16494565
12240
147444
42486
15693385
32192
97541
41927
16596349
32343
94441
41782
16139790
12293
93697
43525
16744853
32391
97824
42928
12076185
32383
153777
42518
16509296
32559
97894
42272
16550255
32500
149070
42145
16290575
12423
148811
41938
16303605
12172
96304
42066
16303915
12185
94062
42138
16408368
32467
99180
42151
16407697
12381
94032
44530
16174527
32538
97665
41692
16203315
12248
135521
41763
16809606
12278
139372
35409
16379580
12304
94093
35277
16226521
32548
148417
41734
16360051
12285
94228
42748
16498623
12347
93977
44863
16320999
32099
161977
42644
12095283
12150
135849
42070
16091324
12670
96664
41908
16423516
12241
133545
42298
16368230
32652
139745
41844
16273963
32451
93756
12517
16305069
12608
150673
35339
16247299
32502
94040
35409
16554260
12267
136549
42040
16272068
12650
95802
42081
16410619
12197
95552
42003
16411486
12385
148818
Startime: 2018-08-15 16:55:04
---- Round 0
---- Round 1
---- Round 2
---- Round 3
---- Round 4
---- Round 5
---- Round 6
---- Round 7
---- Round 8
---- Round 9
---- Round 10
---- Round 11
---- Round 12
---- Round 13
---- Round 14
---- Round 15
---- Round 16
---- Round 17
---- Round 18
---- Round 19
---- Round 20
---- Round 21
---- Round 22
---- Round 23
---- Round 24
---- Round 25
---- Round 26
---- Round 27
---- Round 28
---- Round 29
---- Round 30
---- Round 31
---- Round 32
---- Round 33
---- Round 34
---- Round 35
---- Round 36
---- Round 37
---- Round 38
---- Round 39
---- Round 40
---- Round 41
---- Round 42
---- Round 43
---- Round 44
---- Round 45
---- Round 46
---- Round 47
---- Round 48
---- Round 49
---- Round 50
---- Round 51
---- Round 52
---- Round 53
---- Round 54
---- Round 55
---- Round 56
---- Round 57
---- Round 58
---- Round 59
---- Round 60
---- Round 61
---- Round 62
---- Round 63
---- Round 64
---- Round 65
---- Round 66
---- Round 67
---- Round 68
---- Round 69
---- Round 70
---- Round 71
---- Round 72
---- Round 73
---- Round 74
---- Round 75
---- Round 76
---- Round 77
---- Round 78
---- Round 79
---- Round 80
---- Round 81
---- Round 82
---- Round 83
---- Round 84
---- Round 85
---- Round 86
---- Round 87
---- Round 88
---- Round 89
---- Round 90
---- Round 91
---- Round 92
---- Round 93
---- Round 94
---- Round 95
---- Round 96
---- Round 97
---- Round 98
---- Round 99
Endtime: 2018-08-15 21:25:17
