13131
12695489
12281
96330
42928
16195648
12342
136364
42448
15702965
12661
135958
43219
13238144
12648
154225
41970
15529795
33279
137701
42556
14275976
32486
137645
41677
12105815
12767
94327
42427
12589626
12217
93875
42442
14249243
32794
139437
42421
14566047
12319
96105
42192
15071940
12355
93555
42291
15568590
32254
138150
41907
15691826
12198
134040
42458
12059129
12403
142121
35281
13054112
12671
93923
36835
15558769
12332
146843
35466
13629611
12186
93847
12888
12217793
12176
95402
42691
16420311
32961
152110
44400
12071585
12177
63036
35889
12041214
32323
93952
12556
14856988
12688
137073
41786
12073660
32292
138565
42047
12112753
32496
159779
42247
12072676
32372
136065
42018
16261312
32276
103801
45105
12030318
32777
94132
41904
15485838
32129
121980
42347
15652201
32528
137529
41994
16401224
32317
137309
42124
16579517
12373
135625
42108
16220893
12292
93606
42074
17009356
12307
94467
42296
16418427
12364
94101
41711
16468521
12176
96193
17262
16043045
36499
93957
42562
16867445
12220
136827
12847
16609993
12259
95180
42053
16418900
32282
93853
41684
16476199
32440
103529
42109
12213020
32789
139505
41759
16504442
12429
94142
12824
13978613
32238
148958
43065
12157054
31969
137433
17267
15927513
12114
148579
35639
15852237
12616
140334
42122
15412777
12186
104330
42023
16288639
12589
148252
41915
16295817
12263
135596
41909
16308252
32701
93786
42018
16285583
12636
141291
41777
16278911
12363
148419
41734
16322833
12419
96946
42221
16494938
36900
146094
42178
16342390
12257
148995
41845
16423973
12377
96029
35603
15379992
12243
94010
41689
15230201
32072
96163
12840
15992071
32499
136413
42165
12059431
32477
95482
42162
11932291
12332
96006
42006
14630190
12547
148621
42413
16143170
12338
100116
12973
16363257
32689
139244
36206
16192004
12383
93993
42126
16123409
12136
147480
42438
15935942
36261
99838
42364
16460130
32177
96549
35463
16253750
12303
93760
42029
16478887
12425
180741
42237
16513278
12186
97119
41693
16314643
32303
150629
41843
16242958
32973
152818
42290
15610448
34319
139257
42437
15574431
12230
147463
35407
16056674
12315
153062
41808
16398285
32329
137824
42687
16618761
32538
96066
42193
16480696
12365
138824
42025
16217590
36273
159369
42053
11951189
32488
148666
17757
14332455
12186
99167
41883
16276307
12213
139247
42306
14006598
12210
135756
36227
16583693
32269
93991
17378
16664229
12335
96099
42060
16423859
36268
94649
41962
16012774
12319
135713
42774
12410203
32449
96793
43092
16415240
32019
150627
42417
16238371
32538
96938
12664
16501400
32012
93767
43047
16359150
12738
138139
42062
16284704
12219
93764
41815
16417570
12645
94077
42308
16078164
12486
93990
41888
14300107
12256
93982
41893
15959324
12628
135669
44778
16573180
32451
149093
41898
16239076
12318
137548
Startime: 2018-08-16 03:10:18
---- Round 0
---- Round 1
---- Round 2
---- Round 3
---- Round 4
---- Round 5
---- Round 6
---- Round 7
---- Round 8
---- Round 9
---- Round 10
---- Round 11
---- Round 12
---- Round 13
---- Round 14
---- Round 15
---- Round 16
---- Round 17
---- Round 18
---- Round 19
---- Round 20
---- Round 21
---- Round 22
---- Round 23
---- Round 24
---- Round 25
---- Round 26
---- Round 27
---- Round 28
---- Round 29
---- Round 30
---- Round 31
---- Round 32
---- Round 33
---- Round 34
---- Round 35
---- Round 36
---- Round 37
---- Round 38
---- Round 39
---- Round 40
---- Round 41
---- Round 42
---- Round 43
---- Round 44
---- Round 45
---- Round 46
---- Round 47
---- Round 48
---- Round 49
---- Round 50
---- Round 51
---- Round 52
---- Round 53
---- Round 54
---- Round 55
---- Round 56
---- Round 57
---- Round 58
---- Round 59
---- Round 60
---- Round 61
---- Round 62
---- Round 63
---- Round 64
---- Round 65
---- Round 66
---- Round 67
---- Round 68
---- Round 69
---- Round 70
---- Round 71
---- Round 72
---- Round 73
---- Round 74
---- Round 75
---- Round 76
---- Round 77
---- Round 78
---- Round 79
---- Round 80
---- Round 81
---- Round 82
---- Round 83
---- Round 84
---- Round 85
---- Round 86
---- Round 87
---- Round 88
---- Round 89
---- Round 90
---- Round 91
---- Round 92
---- Round 93
---- Round 94
---- Round 95
---- Round 96
---- Round 97
---- Round 98
---- Round 99
Endtime: 2018-08-16 07:34:52
