41739
14881596
32275
95546
35513
16296436
12392
94444
41287
16096178
32481
94065
34349
16271199
32757
148449
42115
12029857
12362
95605
41783
15842451
33007
148935
42098
16420842
12466
148743
41538
15859872
12243
148475
42490
12033743
33589
94233
42060
16255228
32186
99316
34682
16490196
12354
93704
41865
11982814
37284
95212
42091
12068702
12200
93651
35371
16224471
12338
96382
41681
16536749
12240
149199
42406
16407460
32625
94967
12505
11809487
38476
148484
42207
16040357
12268
147225
42388
16748521
12505
148369
41543
16082722
12150
149353
42412
16258810
32197
93788
41811
16351979
12584
136181
35400
16309173
12240
148795
41600
12048098
12189
95349
42536
16230228
32306
137899
42004
16321804
32509
136161
42593
16134820
32406
100859
42480
16316748
12131
151948
44146
16511096
32398
148168
36098
12019411
12315
94776
35433
16603463
12114
94037
42337
16382082
32597
148484
42170
16186164
12176
93993
42242
16451447
32316
94239
42084
16587028
12168
148671
41868
16382101
12188
136901
42072
16342125
12317
98016
41444
15434228
12208
147944
42182
15824926
12184
96002
42582
16385611
32828
107330
42396
16473894
12149
134607
42097
16280822
12313
147718
42114
16499910
12158
148911
43531
16035207
12279
139728
41764
16567801
35233
105037
42257
16472576
32498
139927
44378
16299418
12382
147468
42207
12197422
32200
136637
41420
14313632
12247
93824
41835
16180990
12182
93699
12890
16136556
32286
102206
42068
16455909
32317
135753
42220
15904047
12215
146632
41733
15621060
12214
154297
12525
16289397
12319
105873
36206
16537220
35126
94000
41576
16280266
32089
133747
43779
16288278
12284
99619
42165
16530229
34197
151666
35342
16274591
32520
146984
42683
15367741
32255
95141
41641
16339244
12681
93796
41997
16060550
12192
137824
42051
15336696
12300
148164
41817
13190825
32266
135646
42441
16851481
12242
139347
34223
16329513
12245
135581
41920
16418690
12169
93939
41863
16185175
12728
147151
41859
16414649
12172
94138
41828
16195419
12141
95120
44947
11951687
31951
94692
41979
11849570
12249
146408
42332
16377383
12276
94288
42125
16329125
33129
93886
35626
16656254
32506
136766
42023
16170341
12397
94011
42476
16434611
12333
137155
41791
16011377
12438
94593
12797
16382684
12148
160666
41953
16143414
12127
94504
42533
16322783
12164
95775
41935
15694235
12648
147674
35242
15738122
12383
136578
35523
16066859
12625
133394
42058
15770171
12325
146869
43935
16525796
32684
99177
41871
16231827
12233
93846
42453
16523508
12240
136193
41842
16217889
12141
146615
41760
16278768
32005
136909
42619
16918473
36214
140179
42051
15872212
32686
139416
42314
16273862
32492
138197
41844
16464104
12337
95664
17263
16106586
37497
93955
42350
16406862
12342
96736
42373
16644234
12660
147651
42378
16704134
12313
136375
42238
16008916
12355
147696
Startime: 2018-08-15 07:29:01
---- Round 0
---- Round 1
---- Round 2
---- Round 3
---- Round 4
---- Round 5
---- Round 6
---- Round 7
---- Round 8
---- Round 9
---- Round 10
---- Round 11
---- Round 12
---- Round 13
---- Round 14
---- Round 15
---- Round 16
---- Round 17
---- Round 18
---- Round 19
---- Round 20
---- Round 21
---- Round 22
---- Round 23
---- Round 24
---- Round 25
---- Round 26
---- Round 27
---- Round 28
---- Round 29
---- Round 30
---- Round 31
---- Round 32
---- Round 33
---- Round 34
---- Round 35
---- Round 36
---- Round 37
---- Round 38
---- Round 39
---- Round 40
---- Round 41
---- Round 42
---- Round 43
---- Round 44
---- Round 45
---- Round 46
---- Round 47
---- Round 48
---- Round 49
---- Round 50
---- Round 51
---- Round 52
---- Round 53
---- Round 54
---- Round 55
---- Round 56
---- Round 57
---- Round 58
---- Round 59
---- Round 60
---- Round 61
---- Round 62
---- Round 63
---- Round 64
---- Round 65
---- Round 66
---- Round 67
---- Round 68
---- Round 69
---- Round 70
---- Round 71
---- Round 72
---- Round 73
---- Round 74
---- Round 75
---- Round 76
---- Round 77
---- Round 78
---- Round 79
---- Round 80
---- Round 81
---- Round 82
---- Round 83
---- Round 84
---- Round 85
---- Round 86
---- Round 87
---- Round 88
---- Round 89
---- Round 90
---- Round 91
---- Round 92
---- Round 93
---- Round 94
---- Round 95
---- Round 96
---- Round 97
---- Round 98
---- Round 99
Endtime: 2018-08-15 11:51:28
