41806
12068726
33524
150135
41933
11984213
12193
150393
42308
13407163
32330
158236
42242
15290010
12150
147527
42531
16094448
12260
105020
42695
16780926
32590
95650
42188
16393065
12341
135915
35442
16315733
12328
148206
42310
15949940
12118
93725
35502
16396236
12216
95798
42607
16140261
32550
137422
41983
16147482
12322
94242
42428
16508122
12197
93697
34324
16457337
32263
139487
41777
16742182
35401
99210
42450
16502116
12154
139197
42400
14798683
12352
100930
41921
15889969
37530
94161
41517
15841861
12573
93493
42324
16301759
12281
136258
17410
16289137
12223
137461
41453
16387269
12288
138472
42096
16009083
34228
150167
42052
16748145
32389
156251
42020
12222957
32533
135717
41503
15662406
12600
147830
42082
11902500
32480
139713
42241
16137963
32629
136929
41924
16106527
37233
96266
35852
16375633
12314
137799
35556
11915387
12457
96220
12896
15732454
32441
104000
12866
15538684
33013
93534
42054
16189599
32169
95602
42231
16486117
32689
101730
42170
16066904
12705
93135
41767
15923434
12272
94631
35568
12369461
12599
147956
42738
16109093
12246
163421
42147
16511875
32396
93798
42783
16017406
12269
136449
12793
16091647
12180
100380
42246
14052524
32544
138010
41985
16455434
12284
133642
41987
14624983
32337
148111
42925
16558515
12333
95467
17226
16527988
12308
93964
42275
16211865
12319
149151
41811
15633064
12366
136862
42094
11867928
12157
94823
42169
16110954
12226
93788
36334
16498739
12233
153899
41907
16608970
12186
93399
42231
15998528
32235
133295
33960
11953591
32373
137830
42009
15514034
32279
99944
41971
12062921
32150
93803
42022
13883686
32429
103281
42031
16375123
12186
135166
41731
16313346
32424
99490
42310
15918150
12406
164093
42846
16136267
12288
137355
42312
16130281
32780
158453
42228
16742564
32224
93943
41963
16499868
36317
95196
42536
12130258
32377
137616
12794
13214469
12271
94434
35612
16218977
12348
181751
42176
16162801
12375
149243
42399
16439244
35715
93727
42429
14993136
12327
95408
42812
16305998
32484
138330
42293
16649645
34569
146857
41855
16608285
12610
139171
35355
16197096
12807
100091
42096
16514225
12172
93640
42676
16910690
32423
151843
42186
14360348
32245
102372
42012
16666506
12321
132700
41799
16018021
32569
93455
42014
15347855
32451
148632
49248
15857022
32152
149637
42228
16141872
12185
93556
42228
16110726
12240
101089
35295
16297330
12159
149800
41583
16442569
12726
150499
41875
15371148
12216
104927
42036
13870246
12173
93978
34335
14579873
12293
94077
42350
16650365
12217
135622
43596
16220470
32270
148279
41305
16242285
32207
99287
35303
15515901
12158
137424
41986
16194322
32704
138643
43595
16411212
32350
146569
41919
16751101
32597
148065
41841
16156466
32233
182147
42425
14958781
12134
101423
41855
16141500
32592
135397
43579
16550909
12335
93351
Startime: 2018-08-16 23:29:22
---- Round 0
---- Round 1
---- Round 2
---- Round 3
---- Round 4
---- Round 5
---- Round 6
---- Round 7
---- Round 8
---- Round 9
---- Round 10
---- Round 11
---- Round 12
---- Round 13
---- Round 14
---- Round 15
---- Round 16
---- Round 17
---- Round 18
---- Round 19
---- Round 20
---- Round 21
---- Round 22
---- Round 23
---- Round 24
---- Round 25
---- Round 26
---- Round 27
---- Round 28
---- Round 29
---- Round 30
---- Round 31
---- Round 32
---- Round 33
---- Round 34
---- Round 35
---- Round 36
---- Round 37
---- Round 38
---- Round 39
---- Round 40
---- Round 41
---- Round 42
---- Round 43
---- Round 44
---- Round 45
---- Round 46
---- Round 47
---- Round 48
---- Round 49
---- Round 50
---- Round 51
---- Round 52
---- Round 53
---- Round 54
---- Round 55
---- Round 56
---- Round 57
---- Round 58
---- Round 59
---- Round 60
---- Round 61
---- Round 62
---- Round 63
---- Round 64
---- Round 65
---- Round 66
---- Round 67
---- Round 68
---- Round 69
---- Round 70
---- Round 71
---- Round 72
---- Round 73
---- Round 74
---- Round 75
---- Round 76
---- Round 77
---- Round 78
---- Round 79
---- Round 80
---- Round 81
---- Round 82
---- Round 83
---- Round 84
---- Round 85
---- Round 86
---- Round 87
---- Round 88
---- Round 89
---- Round 90
---- Round 91
---- Round 92
---- Round 93
---- Round 94
---- Round 95
---- Round 96
---- Round 97
---- Round 98
---- Round 99
Endtime: 2018-08-17 03:52:31
