17351
16451252
12230
96985
17114
16418501
12209
97425
17290
16416966
12158
97048
17086
16312170
12255
98368
17116
16418518
12223
97722
17097
16585702
12263
97043
17192
16169312
12140
97027
17286
16321773
12200
96903
17092
16167544
12267
62581
17334
15569962
12238
97144
17369
16289884
12300
96951
17138
15509251
12181
97900
17092
15737641
12219
98264
17090
16342095
12134
98466
17188
16530643
12244
96761
17078
16200091
12191
97325
17151
15991026
12206
97458
17085
16360351
12206
62759
17239
16413120
12264
97031
17104
16125938
12224
97115
17257
16404953
12139
96923
17295
16253569
12257
97224
17097
16387089
12261
97229
17321
16427857
12155
96847
17079
15746011
12232
97600
17144
15266414
12274
103046
17216
16217051
12245
97191
17318
16596318
12328
96915
17190
16355879
12237
96969
17016
16312206
12294
97355
17138
16423494
12168
97091
17115
16486877
12305
97332
17088
16112419
12238
94457
17047
16370484
12233
97540
17077
16279384
12220
98268
17310
16221879
12200
96995
17188
15759952
12210
93918
17070
16442132
12310
97198
17093
16432286
12314
98711
17145
16275483
12296
97265
17104
16263877
12230
96897
17306
16467207
12192
97625
17102
15020312
12222
96871
17129
16343870
12247
98538
17145
16422011
12243
96748
17284
16272184
12225
97045
17049
16202537
12166
96858
17085
16220343
12136
99077
17065
16539069
12193
96941
17304
16480906
12186
62611
17049
15055316
12188
97548
17298
16488098
12225
96835
17169
16515377
12267
97328
17121
16504132
12226
97374
17344
16379985
12185
97550
17263
16455425
12258
96983
17028
15507201
12313
97391
17119
16327843
12287
97089
17204
16327684
12230
96966
17049
16185289
12261
96792
17083
15837444
12241
96970
17182
16279203
12203
97062
17090
16398953
12209
96961
17313
16266164
12256
96559
17018
16323137
12289
97246
17043
15911544
12286
97329
17105
16012148
12241
97144
16991
16411772
12368
97067
17281
16532378
12239
97175
17079
16341386
12203
63210
17315
16542435
12249
62917
17125
15795472
12300
92628
17083
15930228
12196
97169
17296
15816538
12298
96869
17097
16411234
12186
97074
17103
16446575
12301
97130
17089
16346478
12247
97520
17054
16277631
12187
97422
17092
16222743
12146
97025
17086
16152263
12251
98110
17188
16063820
12245
97222
17075
16354544
12240
97088
17128
16001089
12154
97139
17049
16220937
12288
97588
17031
15563049
12239
97177
17081
16248404
12168
97217
17298
14159838
12318
96981
17024
14899468
12253
98267
17051
16033705
12236
97181
17051
16296634
12336
96469
17068
15827498
12262
97175
17084
16554689
12248
96929
17101
16551146
12218
97023
17117
16174613
12268
97417
17005
15958372
12220
97162
17122
16449041
12140
98383
17300
15732004
12170
96858
17097
16449064
12140
96962
17088
15366196
12190
98576
17055
16388556
12280
97236
Startime: 2018-08-20 14:52:27
---- Round 0
---- Round 1
---- Round 2
---- Round 3
---- Round 4
---- Round 5
---- Round 6
---- Round 7
---- Round 8
---- Round 9
---- Round 10
---- Round 11
---- Round 12
---- Round 13
---- Round 14
---- Round 15
---- Round 16
---- Round 17
---- Round 18
---- Round 19
---- Round 20
---- Round 21
---- Round 22
---- Round 23
---- Round 24
---- Round 25
---- Round 26
---- Round 27
---- Round 28
---- Round 29
---- Round 30
---- Round 31
---- Round 32
---- Round 33
---- Round 34
---- Round 35
---- Round 36
---- Round 37
---- Round 38
---- Round 39
---- Round 40
---- Round 41
---- Round 42
---- Round 43
---- Round 44
---- Round 45
---- Round 46
---- Round 47
---- Round 48
---- Round 49
---- Round 50
---- Round 51
---- Round 52
---- Round 53
---- Round 54
---- Round 55
---- Round 56
---- Round 57
---- Round 58
---- Round 59
---- Round 60
---- Round 61
---- Round 62
---- Round 63
---- Round 64
---- Round 65
---- Round 66
---- Round 67
---- Round 68
---- Round 69
---- Round 70
---- Round 71
---- Round 72
---- Round 73
---- Round 74
---- Round 75
---- Round 76
---- Round 77
---- Round 78
---- Round 79
---- Round 80
---- Round 81
---- Round 82
---- Round 83
---- Round 84
---- Round 85
---- Round 86
---- Round 87
---- Round 88
---- Round 89
---- Round 90
---- Round 91
---- Round 92
---- Round 93
---- Round 94
---- Round 95
---- Round 96
---- Round 97
---- Round 98
---- Round 99
Endtime: 2018-08-20 19:27:12
