35453
12183657
12141
139115
41951
15410505
33062
95279
35320
15891493
32629
142041
42196
16360439
32668
96080
33868
16143558
12628
140705
12510
15249297
38493
95425
42017
14059903
35057
94040
35453
16727093
32345
136969
41895
16393803
12616
94141
42224
16470397
32896
146943
41884
16459370
32589
93695
42006
16603849
32250
138769
41945
15730601
12211
95596
42368
16436073
12247
148011
41910
15799647
32040
93599
42248
16298312
12597
94017
41478
16624744
32579
148206
42232
16507679
12161
138965
34432
16581964
32421
95643
41809
16433980
32452
96148
42001
15888474
12672
133400
35383
16085142
12222
155305
12794
15898863
32551
94196
42490
14350954
35363
136785
42246
16340747
32523
93910
41882
16376623
12370
162830
42186
11991371
32277
136921
43208
16495048
12374
94039
41784
16088058
32497
93956
41984
16181826
32269
97549
41970
16304491
33426
154735
41708
16297456
12121
136887
42085
15653359
12131
149997
12859
12018662
12297
96404
42182
16076373
12437
137208
42407
16399436
32581
94832
42644
16619752
12523
96679
12586
16081314
12633
138482
42355
13996785
32287
93612
43080
16221314
12180
100649
42155
16509122
12220
99854
42234
16201086
12316
94442
35539
11996030
12291
150095
42765
16188778
32553
93988
41992
16632588
12401
148265
42205
16262746
32188
137865
34634
16236668
12272
95779
42005
16269998
32532
147726
41722
15766057
32584
95094
42119
11845228
12351
94533
42713
15867636
12603
133936
13097
16716396
12188
159308
41781
16564589
32455
136149
41696
15506558
32255
135327
12742
11881599
12217
93657
42141
16497179
12277
95798
41909
16184102
12240
161125
35650
16290679
32143
94592
12845
12613252
12206
99775
42099
16390905
32233
138479
41813
14938065
12244
147856
35117
16413280
12638
135828
35404
16309183
12205
147499
34211
16374551
32630
134916
42024
15228743
12331
93591
41736
16715262
12164
94038
42278
16399916
32162
93914
42348
16074879
32548
148046
42641
14774566
12318
149573
42025
16027655
12314
95362
41981
16195731
12212
93780
35718
15582971
33126
100174
41760
15927238
32540
146776
43605
16165851
12585
93862
42266
15752663
33853
149763
42097
12041826
32331
147847
42588
16730103
12183
62989
47251
16366169
12216
97732
41766
15868296
32030
93866
44495
11970010
12337
135866
41954
16696393
12669
133041
41420
16301979
32022
161099
44205
16423676
12202
135559
42081
16358666
12652
151548
41903
13998768
32476
148949
12827
16454649
12137
94249
35284
16486893
12252
138358
42305
15009825
32796
99243
46518
16362661
33426
95596
42305
16479440
32513
101755
42519
16500116
32502
94472
41993
15241017
32701
102601
42276
16821637
12276
99205
41500
16269123
32389
99853
42307
16296296
12653
96384
42144
16171620
32914
136609
42719
15219982
33160
96414
35457
15796896
12391
104158
42443
16257561
12337
93994
44383
16196406
32311
94041
Startime: 2018-08-14 15:39:23
---- Round 0
---- Round 1
---- Round 2
---- Round 3
---- Round 4
---- Round 5
---- Round 6
---- Round 7
---- Round 8
---- Round 9
---- Round 10
---- Round 11
---- Round 12
---- Round 13
---- Round 14
---- Round 15
---- Round 16
---- Round 17
---- Round 18
---- Round 19
---- Round 20
---- Round 21
---- Round 22
---- Round 23
---- Round 24
---- Round 25
---- Round 26
---- Round 27
---- Round 28
---- Round 29
---- Round 30
---- Round 31
---- Round 32
---- Round 33
---- Round 34
---- Round 35
---- Round 36
---- Round 37
---- Round 38
---- Round 39
---- Round 40
---- Round 41
---- Round 42
---- Round 43
---- Round 44
---- Round 45
---- Round 46
---- Round 47
---- Round 48
---- Round 49
---- Round 50
---- Round 51
---- Round 52
---- Round 53
---- Round 54
---- Round 55
---- Round 56
---- Round 57
---- Round 58
---- Round 59
---- Round 60
---- Round 61
---- Round 62
---- Round 63
---- Round 64
---- Round 65
---- Round 66
---- Round 67
---- Round 68
---- Round 69
---- Round 70
---- Round 71
---- Round 72
---- Round 73
---- Round 74
---- Round 75
---- Round 76
---- Round 77
---- Round 78
---- Round 79
---- Round 80
---- Round 81
---- Round 82
---- Round 83
---- Round 84
---- Round 85
---- Round 86
---- Round 87
---- Round 88
---- Round 89
---- Round 90
---- Round 91
---- Round 92
---- Round 93
---- Round 94
---- Round 95
---- Round 96
---- Round 97
---- Round 98
---- Round 99
Endtime: 2018-08-14 20:00:07
