41857
16214038
12633
163101
42373
13735622
12172
150436
41659
16635293
32426
165821
41888
16428938
12707
147911
42174
12293727
12233
138974
41992
15886449
32181
93843
42030
16507793
12639
136648
35276
16702719
12155
94103
42064
16139520
12189
133819
41854
16267644
12681
93676
45096
16445057
12299
93898
42098
15952245
32242
93714
41956
16433037
32432
135983
41827
12143883
32681
150865
41660
16825357
32594
138256
42185
16128802
12247
137086
43365
16338467
12382
93668
42874
16555785
32343
137238
41911
16311609
12410
94306
41847
14315778
12597
151326
41955
16381620
12394
144992
35863
16559610
33176
150658
42100
16270111
12318
93184
42043
16382580
38283
95555
42271
11905869
12241
149709
41805
15133310
12262
93850
42441
16123008
12258
102198
41834
16551272
32348
137593
35419
16057519
32032
95126
34126
16485856
35527
147059
41918
11987543
12628
144812
42246
15348964
32580
93650
42472
16514096
32562
147189
42036
16382360
12484
104474
42114
16580368
12324
94026
42309
14543226
32236
94778
43701
15751416
32218
149866
42544
16422434
12423
148436
41921
11991094
12308
150366
12778
16234027
12267
95790
42154
16305739
32086
148197
42181
16372320
32680
133850
43949
15909861
12249
93918
42381
16622649
12340
149923
42428
15941965
12325
93866
42372
16180583
32264
94842
45025
16876690
12583
181909
41949
16653001
12217
136374
42156
16188663
12226
93244
34305
16278754
12292
137155
43891
16328524
32582
138495
42301
12048839
32152
135801
41884
13232787
12568
149178
41773
16223990
34923
135628
42067
16377020
32370
136422
36701
16514215
12327
136873
41999
11975058
32330
159301
12833
11991149
12185
165640
42284
16583731
32481
98476
12868
15460436
33303
93789
35482
16137433
32114
93699
43603
16589106
32605
135520
35405
16187139
32357
138417
35571
16447391
32006
93852
42132
16035890
32672
138615
42299
16249000
32547
96002
41557
16104994
32331
93565
41641
16745448
32583
93792
41751
12065354
32334
93697
35314
12071158
12285
96969
43649
15347898
33292
97380
42136
16450907
32246
95512
41890
16438044
12353
94650
41920
16215877
34968
139397
42104
16060244
32550
93781
42454
16640688
12621
103377
43926
16478004
12153
150131
42209
16258462
12174
139778
42638
16527147
12214
159152
42351
16339652
33198
105457
35633
12053981
33657
93741
42252
14842197
31823
95446
43581
16613396
12268
138683
34269
16203593
32394
140639
42228
16375044
12615
93612
43286
14822612
12256
93141
42769
12396576
36536
93992
34899
16419043
12399
147100
41945
16575594
12560
93683
41763
16497927
32591
93616
42392
16110370
12602
147934
42098
16579243
32507
149659
41948
12643505
32580
93597
35630
12794523
32613
147359
42503
16232897
32109
136970
42320
16189996
12231
136621
34393
16181130
12271
93836
41843
14245778
32795
135101
42466
15660838
12675
149590
41690
15949334
12396
135264
Startime: 2018-08-16 19:03:41
---- Round 0
---- Round 1
---- Round 2
---- Round 3
---- Round 4
---- Round 5
---- Round 6
---- Round 7
---- Round 8
---- Round 9
---- Round 10
---- Round 11
---- Round 12
---- Round 13
---- Round 14
---- Round 15
---- Round 16
---- Round 17
---- Round 18
---- Round 19
---- Round 20
---- Round 21
---- Round 22
---- Round 23
---- Round 24
---- Round 25
---- Round 26
---- Round 27
---- Round 28
---- Round 29
---- Round 30
---- Round 31
---- Round 32
---- Round 33
---- Round 34
---- Round 35
---- Round 36
---- Round 37
---- Round 38
---- Round 39
---- Round 40
---- Round 41
---- Round 42
---- Round 43
---- Round 44
---- Round 45
---- Round 46
---- Round 47
---- Round 48
---- Round 49
---- Round 50
---- Round 51
---- Round 52
---- Round 53
---- Round 54
---- Round 55
---- Round 56
---- Round 57
---- Round 58
---- Round 59
---- Round 60
---- Round 61
---- Round 62
---- Round 63
---- Round 64
---- Round 65
---- Round 66
---- Round 67
---- Round 68
---- Round 69
---- Round 70
---- Round 71
---- Round 72
---- Round 73
---- Round 74
---- Round 75
---- Round 76
---- Round 77
---- Round 78
---- Round 79
---- Round 80
---- Round 81
---- Round 82
---- Round 83
---- Round 84
---- Round 85
---- Round 86
---- Round 87
---- Round 88
---- Round 89
---- Round 90
---- Round 91
---- Round 92
---- Round 93
---- Round 94
---- Round 95
---- Round 96
---- Round 97
---- Round 98
---- Round 99
Endtime: 2018-08-16 23:23:03
