17180
16302279
12252
97044
17253
16428740
12184
96969
17272
16427480
12285
104825
17057
16420466
12179
97093
17059
15884530
12148
96309
17074
16338026
12149
97199
17136
15987468
12140
99049
17035
16434256
12234
96824
17149
15920274
12329
97190
17093
16354778
12298
96991
17047
15735921
12182
97141
17067
16382063
12229
96923
17013
16507591
12280
96747
17078
16414580
12223
97054
17064
16415405
12211
97203
17174
15634644
12241
97194
17168
16256150
12228
62718
17091
16167210
12248
102860
17309
15838707
12200
97465
17314
16025423
12163
98700
17112
16255338
12164
97232
17242
16028292
12235
62616
17069
16424090
12281
96981
17137
16271804
12159
62702
17107
16251712
12214
97507
17066
15733275
12168
97186
17064
16132970
12238
62707
17098
16119002
12241
97085
17177
16393291
12214
97140
17256
15760282
12207
97050
17070
16678321
12272
97460
17081
16359257
12315
97112
17072
16240468
12161
96990
17282
15763580
12229
97039
17304
16262205
12200
102926
17031
15785812
12260
92539
17320
16318835
12279
97219
17186
16299018
12245
97042
17044
16289000
12175
97060
17135
16226865
12232
97155
17060
16074923
12289
96932
17085
16320786
12191
96905
17204
15576212
12253
97120
17331
16623861
12171
98525
17128
16197030
12161
96978
17014
16221144
12252
97032
17081
15830220
12243
103037
17163
16165486
12178
96974
17076
16074422
12247
62900
17149
16545037
12183
97278
17121
16404568
12205
97335
17158
15958506
12316
96970
17038
16285761
12307
94115
17077
16272361
12189
97242
17066
16270217
12201
97268
17255
16446739
12242
96907
17235
16357754
12255
97012
17248
15717304
12257
97090
17103
16321626
12170
97061
17016
16089193
12212
97794
17254
16421675
12205
105334
17041
16535825
12433
97054
17138
16254881
12247
96997
17242
16382422
12235
97155
17268
16354631
12266
96955
17342
16152030
12173
96977
17105
16413914
12323
97217
17074
16260289
12234
96545
17118
16495328
12242
96816
17039
16147720
12273
62694
17061
16221195
12173
96939
17121
15790284
12224
97216
17142
16464371
12172
97044
17027
15584424
12213
97572
17120
16468776
12194
96859
17056
16098895
12262
97199
17078
16418377
12186
97122
17079
15573660
12194
97228
17054
16413804
12274
98266
17261
16449320
12283
97123
17023
16407497
12222
96814
17343
16257761
12231
97261
17272
15784497
12198
96853
17138
16514644
12161
97104
17080
16184584
12291
63071
17234
16310740
12222
62419
17050
16503478
12202
96813
17292
16356089
12296
96742
17051
15510634
12199
96747
17061
16536274
12183
97255
17118
16354009
12212
97315
17040
15895386
12239
97247
17019
16463192
12178
103142
17219
16043222
12229
97081
17153
16515183
12239
97053
17067
16474098
12146
63202
17097
15764172
12212
97027
17083
16238564
12260
102756
17358
16379708
12274
96901
17263
16479049
12176
97315
Startime: 2018-08-20 09:05:06
---- Round 0
---- Round 1
---- Round 2
---- Round 3
---- Round 4
---- Round 5
---- Round 6
---- Round 7
---- Round 8
---- Round 9
---- Round 10
---- Round 11
---- Round 12
---- Round 13
---- Round 14
---- Round 15
---- Round 16
---- Round 17
---- Round 18
---- Round 19
---- Round 20
---- Round 21
---- Round 22
---- Round 23
---- Round 24
---- Round 25
---- Round 26
---- Round 27
---- Round 28
---- Round 29
---- Round 30
---- Round 31
---- Round 32
---- Round 33
---- Round 34
---- Round 35
---- Round 36
---- Round 37
---- Round 38
---- Round 39
---- Round 40
---- Round 41
---- Round 42
---- Round 43
---- Round 44
---- Round 45
---- Round 46
---- Round 47
---- Round 48
---- Round 49
---- Round 50
---- Round 51
---- Round 52
---- Round 53
---- Round 54
---- Round 55
---- Round 56
---- Round 57
---- Round 58
---- Round 59
---- Round 60
---- Round 61
---- Round 62
---- Round 63
---- Round 64
---- Round 65
---- Round 66
---- Round 67
---- Round 68
---- Round 69
---- Round 70
---- Round 71
---- Round 72
---- Round 73
---- Round 74
---- Round 75
---- Round 76
---- Round 77
---- Round 78
---- Round 79
---- Round 80
---- Round 81
---- Round 82
---- Round 83
---- Round 84
---- Round 85
---- Round 86
---- Round 87
---- Round 88
---- Round 89
---- Round 90
---- Round 91
---- Round 92
---- Round 93
---- Round 94
---- Round 95
---- Round 96
---- Round 97
---- Round 98
---- Round 99
Endtime: 2018-08-20 13:40:33
