17072
16090586
12223
63116
17054
16407748
12215
96688
17102
16116640
12279
97294
17099
15989525
12271
97915
17060
15700127
12143
97076
17080
15110718
12271
103059
17267
15825387
12229
92335
17330
16215306
12264
96953
17063
16402331
12242
96996
17098
16021818
12262
97010
17286
16251651
12163
96355
17058
16131923
12123
96610
17066
16220467
12146
97076
17035
15402750
12260
97129
17108
15695282
12162
97313
17292
15208529
12247
97016
17092
14688027
12258
92990
17084
15986353
12152
96857
17050
15330191
12246
98413
17069
16299628
12187
97132
17250
15964107
12204
97133
17033
15656647
12208
94106
17028
16046037
12220
96959
17246
14797779
12266
62925
17278
14735663
12252
97106
17085
16303699
12164
96861
17041
16397964
12199
98304
17072
15120240
12227
98250
17073
15607112
12306
97024
17216
16066431
12233
96552
17073
15302100
12190
97059
17086
16387950
12210
62646
17269
15698493
12241
96926
17100
16167691
12229
96959
17317
14514195
12201
96968
17131
15098034
12243
96961
17230
16363204
12238
97447
17019
16433103
12310
63082
17313
15454695
12227
97769
17072
16280850
12211
97325
17324
15986319
12189
97212
17063
15759270
12280
98549
17095
15565727
12230
98403
17096
16433112
12269
97025
17082
16286261
12206
98593
17176
16225445
12301
62787
17321
15350211
12202
92693
17056
15763891
12198
97369
17249
15907878
12254
96969
17067
15837622
12149
102924
17058
16079726
12203
102842
17080
15220700
12183
62958
17072
16126640
12187
97263
17079
16170680
12208
99670
17000
16394593
12290
96315
17022
16463817
12284
97261
17107
14003245
12219
96955
17303
16052299
12185
97000
17012
16420600
12309
62687
17153
15132103
12181
97059
17059
15094958
12247
97357
17081
15962654
12163
96721
17056
16200972
12229
97195
17057
16412489
12283
97246
17279
16253775
12247
97020
17096
16310370
12189
98105
17037
15738323
12252
97210
17078
15635969
12172
96964
17273
15661031
12301
98175
17060
16394627
12212
62652
17052
16268856
12229
97062
17302
15728969
12238
62736
17048
15235618
12221
97076
17163
15997720
12214
97029
17083
15927077
12226
92373
17097
16220375
12157
97247
17076
16504217
12218
97039
17087
15692499
12233
97198
17079
15615181
12218
96967
17090
15335544
12258
98303
17117
14794215
12159
97135
17149
16133392
12291
97339
17031
15381858
12163
97992
17114
15466892
12174
97028
17332
15689099
12274
96966
17038
15395755
12166
62882
17098
15600709
12265
96758
17092
16400770
12173
96924
17298
15828216
12236
62623
17181
16467247
12237
98702
17254
16113392
12211
98222
17039
16096555
12157
96993
17042
16363648
12189
98123
17102
14969900
12159
62744
17057
16491484
12195
97090
17108
15327818
12318
97153
17312
16499626
12286
96907
17067
14297227
12158
98339
17079
15001456
12265
97128
17042
16435713
12180
96882
Startime: 2018-08-18 13:18:45
---- Round 0
---- Round 1
---- Round 2
---- Round 3
---- Round 4
---- Round 5
---- Round 6
---- Round 7
---- Round 8
---- Round 9
---- Round 10
---- Round 11
---- Round 12
---- Round 13
---- Round 14
---- Round 15
---- Round 16
---- Round 17
---- Round 18
---- Round 19
---- Round 20
---- Round 21
---- Round 22
---- Round 23
---- Round 24
---- Round 25
---- Round 26
---- Round 27
---- Round 28
---- Round 29
---- Round 30
---- Round 31
---- Round 32
---- Round 33
---- Round 34
---- Round 35
---- Round 36
---- Round 37
---- Round 38
---- Round 39
---- Round 40
---- Round 41
---- Round 42
---- Round 43
---- Round 44
---- Round 45
---- Round 46
---- Round 47
---- Round 48
---- Round 49
---- Round 50
---- Round 51
---- Round 52
---- Round 53
---- Round 54
---- Round 55
---- Round 56
---- Round 57
---- Round 58
---- Round 59
---- Round 60
---- Round 61
---- Round 62
---- Round 63
---- Round 64
---- Round 65
---- Round 66
---- Round 67
---- Round 68
---- Round 69
---- Round 70
---- Round 71
---- Round 72
---- Round 73
---- Round 74
---- Round 75
---- Round 76
---- Round 77
---- Round 78
---- Round 79
---- Round 80
---- Round 81
---- Round 82
---- Round 83
---- Round 84
---- Round 85
---- Round 86
---- Round 87
---- Round 88
---- Round 89
---- Round 90
---- Round 91
---- Round 92
---- Round 93
---- Round 94
---- Round 95
---- Round 96
---- Round 97
---- Round 98
---- Round 99
Endtime: 2018-08-18 17:47:49
