17161
16298846
12393
97119
17275
16297224
12189
98288
17037
16208840
12211
97095
17131
16043923
12254
96905
17074
16575636
12203
62769
17068
16150805
12163
92630
17102
16221994
12315
102789
17120
16474656
12190
97763
17325
15968094
12163
97155
17041
15614456
12193
97976
17075
15568773
12181
97001
17075
15234222
12268
98235
17066
16364241
12207
97056
17320
16038108
12199
96799
17080
14759127
12231
97287
17081
15415493
12224
97083
17092
16307606
12173
96999
17198
15779258
12248
96975
17148
15155099
12217
98197
17082
15532232
12243
96750
17029
16456684
12242
62394
17162
15921311
12199
97037
17116
16449598
12245
96989
17147
15998985
12203
97063
17064
15895684
12234
96984
17124
16557200
12258
92583
17129
16148066
12321
96256
17079
15512731
12266
97372
17339
16043102
12309
96972
17344
15595911
12246
97007
17071
16128216
12292
97970
17154
15683117
12197
92525
17075
16445695
12186
62720
17079
16008431
12231
97005
17029
15239705
12294
97012
17120
16025234
12185
98812
17086
15867665
12269
98705
17314
15846365
12213
96938
17165
15361484
12336
62832
17261
16376246
12230
103385
17047
16115722
12193
96996
17272
16219029
12246
97258
17090
16462807
12158
97133
17243
16361627
12322
98849
17066
15478545
12178
96983
17113
15926357
12247
96958
17092
15875585
12252
97041
17042
16059004
12247
96925
17039
16081614
12216
98013
17069
15976279
12245
97058
17107
15673007
12101
97002
17151
16567915
12175
97077
17326
16413739
12262
97149
17250
15951260
12198
102883
17164
15568959
12185
97639
17262
15152477
12284
97105
17258
15567258
12208
96977
17087
16037005
12247
96884
17030
16383471
12237
97241
17261
15517469
12212
97124
17054
16173838
12154
97059
17059
16433472
12336
97162
17347
16203122
12284
97142
17058
16346137
12205
97242
17286
15853289
12234
97144
17323
16039259
12203
97225
17023
15978272
12288
97207
17132
14534954
12230
97062
17272
15080507
12274
92732
17036
15942872
12217
96616
17044
14645172
12211
62611
17124
15683938
12273
62589
17079
15491523
12167
97212
17096
15637082
12248
96984
17081
16305265
12357
96976
17091
16287533
12275
97137
17099
16384567
12254
97234
17064
15818567
12177
92375
17076
16271211
12157
102769
17133
15832407
12128
97160
17260
16166295
12169
62831
17027
14368279
12205
62927
17082
15971450
12153
97975
17077
15122679
12344
96820
17128
15676027
12198
97758
17117
16395637
12210
97043
17068
16490449
12205
97030
17113
16490182
12216
62785
17071
16002037
12254
97525
17138
15587781
12291
97188
17101
15936268
12162
96864
17105
16397072
12235
96777
17085
15250345
12287
102743
17097
13507757
12236
97133
17041
16013221
12271
97089
17058
16229967
12149
96893
17058
16210078
12231
97450
17064
15450004
12239
97024
17266
14869357
12197
62949
17065
15250728
12302
97121
Startime: 2018-08-19 10:28:47
---- Round 0
---- Round 1
---- Round 2
---- Round 3
---- Round 4
---- Round 5
---- Round 6
---- Round 7
---- Round 8
---- Round 9
---- Round 10
---- Round 11
---- Round 12
---- Round 13
---- Round 14
---- Round 15
---- Round 16
---- Round 17
---- Round 18
---- Round 19
---- Round 20
---- Round 21
---- Round 22
---- Round 23
---- Round 24
---- Round 25
---- Round 26
---- Round 27
---- Round 28
---- Round 29
---- Round 30
---- Round 31
---- Round 32
---- Round 33
---- Round 34
---- Round 35
---- Round 36
---- Round 37
---- Round 38
---- Round 39
---- Round 40
---- Round 41
---- Round 42
---- Round 43
---- Round 44
---- Round 45
---- Round 46
---- Round 47
---- Round 48
---- Round 49
---- Round 50
---- Round 51
---- Round 52
---- Round 53
---- Round 54
---- Round 55
---- Round 56
---- Round 57
---- Round 58
---- Round 59
---- Round 60
---- Round 61
---- Round 62
---- Round 63
---- Round 64
---- Round 65
---- Round 66
---- Round 67
---- Round 68
---- Round 69
---- Round 70
---- Round 71
---- Round 72
---- Round 73
---- Round 74
---- Round 75
---- Round 76
---- Round 77
---- Round 78
---- Round 79
---- Round 80
---- Round 81
---- Round 82
---- Round 83
---- Round 84
---- Round 85
---- Round 86
---- Round 87
---- Round 88
---- Round 89
---- Round 90
---- Round 91
---- Round 92
---- Round 93
---- Round 94
---- Round 95
---- Round 96
---- Round 97
---- Round 98
---- Round 99
Endtime: 2018-08-19 14:58:13
