17324
16098429
12206
96807
17191
15934576
12283
96976
17089
16364340
12260
98344
17179
16528360
12213
63039
17026
15955787
12232
62558
17080
16011081
12284
97111
17172
15059513
12233
98744
17232
16463645
12089
97032
17305
16296911
12266
96907
17099
16336068
12166
97241
17242
15542016
12226
96865
17322
14958967
12165
96298
17103
15716703
12169
97093
17263
16264694
12338
97070
17024
16223163
12214
97038
17077
15347640
12239
96890
17145
16331478
12138
97180
17077
15854516
12260
97550
17056
16317999
12242
97099
17054
16369382
12231
97068
17271
16370457
12174
97093
17301
15934153
12289
96996
17257
15990993
12180
97073
17068
15847512
12231
98755
17068
15757540
12318
96989
17027
15652472
12181
96985
17031
15379775
12195
63030
17073
16362772
12142
97183
17050
16414122
12256
97146
17130
16125201
12340
94284
17303
15684677
12188
97027
17061
16267801
12216
97210
17103
15794835
12190
97343
17150
15169000
12285
97151
17352
15385739
12272
97291
17138
15944824
12137
97101
17155
15657572
12240
103016
17100
16394156
12366
62662
17018
16466720
12315
97501
17051
16292600
12173
97207
17169
16339806
12222
97056
17078
16260971
12208
92503
17314
15723727
12314
102942
17280
15699820
12243
97302
17205
16018789
12226
96918
17054
15483377
12317
97305
17085
15641121
12238
97453
17059
15793737
12201
62651
17144
16168164
12251
97222
17169
15440280
12276
97165
17350
15587277
12133
98202
17262
15644289
12242
97170
17309
15130674
12217
97639
17037
15691070
12235
97008
17353
16393868
12230
62583
17331
15467953
12321
97315
17027
15839895
12179
97378
17242
16076410
12220
97582
17050
15931141
12241
97325
17284
15453493
12273
97106
17059
15630839
12208
97192
17263
15919686
12368
97044
17083
16028964
12184
96937
17098
16212885
12252
97299
17030
15868591
12281
62681
17331
15595080
12291
97767
17100
15349565
12239
97593
17300
16184552
12251
97181
17146
16464181
12229
97254
17048
16439247
12194
97016
17037
16395269
12157
98754
17258
16438880
12188
96966
17312
15279595
12183
97487
17263
15360614
12151
96838
17050
15493227
12212
97523
17062
15910394
12196
62697
17109
15966214
12181
97947
17106
16433854
12290
97058
17257
16431961
12147
97043
17071
15282728
12195
97273
17112
15109365
12251
94245
17083
15118014
12231
97211
17078
15968878
12275
97204
17046
15916721
12304
97098
17112
15566219
12271
96879
17105
15160107
12288
96968
17079
16165677
12132
98310
17180
15888431
12295
62958
17253
16302754
12299
98323
17045
15223887
12226
97265
17098
14630842
12246
97053
17164
16363271
12209
97381
17139
16383491
12309
97051
17057
16058175
12182
96943
17366
15670867
12288
97253
17085
15440798
12317
96959
17103
14281408
12209
97005
17135
15986640
12240
97273
17073
16195529
12240
97558
17108
16219674
12209
63193
Startime: 2018-08-18 22:24:11
---- Round 0
---- Round 1
---- Round 2
---- Round 3
---- Round 4
---- Round 5
---- Round 6
---- Round 7
---- Round 8
---- Round 9
---- Round 10
---- Round 11
---- Round 12
---- Round 13
---- Round 14
---- Round 15
---- Round 16
---- Round 17
---- Round 18
---- Round 19
---- Round 20
---- Round 21
---- Round 22
---- Round 23
---- Round 24
---- Round 25
---- Round 26
---- Round 27
---- Round 28
---- Round 29
---- Round 30
---- Round 31
---- Round 32
---- Round 33
---- Round 34
---- Round 35
---- Round 36
---- Round 37
---- Round 38
---- Round 39
---- Round 40
---- Round 41
---- Round 42
---- Round 43
---- Round 44
---- Round 45
---- Round 46
---- Round 47
---- Round 48
---- Round 49
---- Round 50
---- Round 51
---- Round 52
---- Round 53
---- Round 54
---- Round 55
---- Round 56
---- Round 57
---- Round 58
---- Round 59
---- Round 60
---- Round 61
---- Round 62
---- Round 63
---- Round 64
---- Round 65
---- Round 66
---- Round 67
---- Round 68
---- Round 69
---- Round 70
---- Round 71
---- Round 72
---- Round 73
---- Round 74
---- Round 75
---- Round 76
---- Round 77
---- Round 78
---- Round 79
---- Round 80
---- Round 81
---- Round 82
---- Round 83
---- Round 84
---- Round 85
---- Round 86
---- Round 87
---- Round 88
---- Round 89
---- Round 90
---- Round 91
---- Round 92
---- Round 93
---- Round 94
---- Round 95
---- Round 96
---- Round 97
---- Round 98
---- Round 99
Endtime: 2018-08-19 02:52:59
